#ReRa Photor SR measurement
Wavelength [nm]	SR[A/W] (Reflectance Transmittance 300-1750_calibration_calibration)	Wavelength [nm]	SR[A/W] (JE795 inverted ARC_Total reflectance centre)	Wavelength [nm]	SR[A/W] (JE795 inverted ARC_Diffuse reflectance centre)	Wavelength [nm]	SR[A/W] (JE795 inverted ARC_Total reflectance edge major)	Wavelength [nm]	SR[A/W] (JE795 inverted ARC_Diffuse reflectance edge major)	
300	0.235111360130309	300	0.104549555764501	300	0.0801178834611708	300	0.104925298989438	300	0.085667360790646	
305	0.239103680231318	305	0.104086771638706	305	0.0744849184328142	305	0.112953738644142	305	0.0945476706844824	
310	0.243098419920266	310	0.107163912549803	310	0.0873946089966068	310	0.107527987262489	310	0.0844773207449891	
315	0.247095579197155	315	0.105876633050042	315	0.0963761615770757	315	0.127716671414955	315	0.0924106863988217	
320	0.251095158061984	320	0.101719518591255	320	0.0881308570611439	320	0.114566840637525	320	0.107611212907869	
325	0.255097156514752	325	0.103569804884727	325	0.0924199407683139	325	0.119338755936263	325	0.0911784212651183	
330	0.259101574555461	330	0.122077615559008	330	0.0824372257926035	330	0.119497080131109	330	0.103323070129156	
335	0.26310841218411	335	0.113045752248749	335	0.100938976510014	335	0.130435937754778	335	0.103572607126069	
340	0.267117669400698	340	0.0934173627584793	340	0.0788198322131519	340	0.105885942962214	340	0.0791747546609714	
345	0.271129346205227	345	0.0740698401950106	345	0.032907508393034	345	0.0620194884026724	345	0.0408938722527318	
350	0.275143442597696	350	0.0459645769194645	350	0.00912733142456668	350	0.0300585515073375	350	0.00650477054885824	
355	0.279180000831541	355	0.0402645705008756	355	0.00614438487478818	355	0.0252898929241528	355	0.00809272275060139	
360	0.283219543223845	360	0.0352787164389653	360	0.00630051127395652	360	0.0187342653037819	360	0.00643798890920595	
365	0.287262069774609	365	0.0289520216565627	365	0.00559962483760182	365	0.0147716963561042	365	0.00620394692394139	
370	0.291307580483832	370	0.022511158517569	370	0.00433901876472786	370	0.00968638726294594	370	0.00466911481570391	
375	0.295356075351514	375	0.0159361580306728	375	0.00352383993084501	375	0.00659181254329132	375	0.00392165218084623	
380	0.299407554377656	380	0.010475446907156	380	0.00306502204116212	380	0.00444067177291109	380	0.00306947373225715	
385	0.303462017562257	385	0.00651506417145375	385	0.00259728591023957	385	0.00425239873114045	385	0.0028550234481113	
390	0.307519464905318	390	0.00392937874474339	390	0.002357054267555	390	0.00479981657759836	390	0.0024359542048151	
395	0.311579896406838	395	0.00274317370440753	395	0.00213314308289625	395	0.00618735173131052	395	0.00222631666195893	
400	0.315643312066817	400	0.0024981609252044	400	0.00209140885601236	400	0.00784996642267434	400	0.00204140662415958	
405	0.319667248116908	405	0.00334737789391271	405	0.001924087846458	405	0.0102273692892952	405	0.00204246084187952	
410	0.323693119837352	410	0.00422049495867312	410	0.00186006287088988	410	0.0126983397329979	410	0.00187976293034744	
415	0.327720927228147	415	0.00522485470234499	415	0.00184141945698292	415	0.0150543503027706	415	0.00179815630647703	
420	0.331750670289294	420	0.00593038151066348	420	0.00175091541662976	420	0.0169174202772151	420	0.00189832253661101	
425	0.335782349020794	425	0.00647555061460499	425	0.00179404093234293	425	0.0180546416803247	425	0.00180882299080399	
430	0.339815963422645	430	0.00685920191692412	430	0.00180936130411339	430	0.0187419457609356	430	0.00176961852746252	
435	0.343851513494849	435	0.00745095475556592	435	0.00181931689788731	435	0.0189195359589601	435	0.00189989730891289	
440	0.347888999237404	440	0.00819684584913367	440	0.00201268422753394	440	0.0191977517898061	440	0.00190608884981829	
445	0.351928420650311	445	0.00929409333335164	445	0.00219497979814216	445	0.0198920607512953	445	0.00210227692278979	
450	0.355969777733571	450	0.0109206078086308	450	0.00266023198831587	450	0.0211974603461221	450	0.00250075334281797	
455	0.359969033986674	455	0.0121280046821713	455	0.00420182502998638	455	0.0225197440503654	455	0.00289147914822218	
460	0.363969258074953	460	0.0155277334865016	460	0.00424002966346728	460	0.023492118207218	460	0.0042821109692292	
465	0.367970449998409	465	0.0174345534958555	465	0.00483187317204507	465	0.0251958577432229	465	0.00485771669486698	
470	0.37197260975704	470	0.0190395384314638	470	0.00518185002256997	470	0.028441704289498	470	0.00500219505456321	
475	0.375975737350847	475	0.0205321627230053	475	0.00705329578440625	475	0.0314272369271079	475	0.00579748976220551	
480	0.379979832779831	480	0.023722751009083	480	0.00746856129920135	480	0.0334268668009956	480	0.00714875616811425	
485	0.38398489604399	485	0.0265040012850138	485	0.00885080429459224	485	0.0341509984351564	485	0.00825436368427407	
490	0.387990927143325	490	0.0284925816919413	490	0.0100252317376774	490	0.0339691598059746	490	0.00928925817301625	
495	0.391997926077837	495	0.0289376731396341	495	0.0115198372977663	495	0.0347831283849085	495	0.0112141542849613	
500	0.396005892847524	500	0.0280823472503632	500	0.0130901712034926	500	0.0366192030066641	500	0.012188702596621	
505	0.399986316641161	505	0.0278039992994388	505	0.0146222296584593	505	0.039406237030705	505	0.0135783469963964	
510	0.403967143699455	510	0.0287242869315144	510	0.0168870580033758	510	0.0420435262921942	510	0.0157453854686321	
515	0.407948374022405	515	0.0316143203994988	515	0.0188561003448202	515	0.0430846114431531	515	0.0173217635787947	
520	0.411930007610012	520	0.0349644154463464	520	0.0205367809200009	520	0.0435721446168873	520	0.0198834633067527	
525	0.415912044462276	525	0.0386071796692105	525	0.0232054660537008	525	0.0423010934189803	525	0.0217905520600421	
530	0.419894484579196	530	0.0414866794439486	530	0.0251878924883176	530	0.0421175108377477	530	0.0243920780319342	
535	0.423877327960773	535	0.0418810580473343	535	0.0276674045119117	535	0.0428896828297948	535	0.0272758863304363	
540	0.427860574607006	540	0.042847530086318	540	0.0307583882718121	540	0.0457727785251873	540	0.0292513009763947	
545	0.431844224517897	545	0.0433087749743446	545	0.0338224522145474	545	0.0494016947925306	545	0.0320883161074231	
550	0.435828277693444	550	0.0463704827666437	550	0.0364681710060704	550	0.0545690926487993	550	0.0345572674986387	
555	0.439826162846714	555	0.0501206822638782	555	0.0390749988350461	555	0.0590663109201524	555	0.0369982316127403	
560	0.443824693223436	560	0.0553668810976161	560	0.041375676452511	560	0.0629704470843936	560	0.0398066460353806	
565	0.447823868823608	565	0.0618486490569143	565	0.0438360214842791	565	0.065600808756867	565	0.0425808740134158	
570	0.45182368964723	570	0.0674985923935977	570	0.0461288985774131	570	0.0678847482740884	570	0.0458714739464883	
575	0.455824155694304	575	0.0728340416658001	575	0.0489189540721152	575	0.0690496007272184	575	0.0493816530879078	
580	0.459825266964828	580	0.0762114199117994	580	0.0518558186857979	580	0.0708358803422668	580	0.0534888495231762	
585	0.463827023458802	585	0.0789843392746486	585	0.0552364710050442	585	0.0735215529080782	585	0.0572633938962619	
590	0.467829425176228	590	0.0802112223148714	590	0.0593685438694058	590	0.0775821543333545	590	0.0612359767571215	
595	0.471832472117104	595	0.0819626506678184	595	0.0639388172810074	595	0.0826985725785785	595	0.0651717972884952	
600	0.47583616428143	600	0.0839627989646536	600	0.0686931010403218	600	0.0892344733119009	600	0.0689007001612637	
605	0.479762429631677	605	0.0874787366105575	605	0.0739775171512486	605	0.0964416195399803	605	0.0731628694993251	
610	0.483688049758473	610	0.0918456437899328	610	0.0792258874190654	610	0.103913401661065	610	0.0770099217290553	
615	0.487613024661818	615	0.0983206828272502	615	0.0845152785469459	615	0.111859331087574	615	0.0821705091316877	
620	0.491537354341712	620	0.106990392869845	620	0.0905928487065985	620	0.120557965206494	620	0.0875884838595116	
625	0.495461038798156	625	0.117102432572241	625	0.0973555688506519	625	0.129264937575983	625	0.0951709274581072	
630	0.499384078031149	630	0.12914034082647	630	0.105244561494174	630	0.139623179318052	630	0.103683925983616	
635	0.503306472040692	635	0.141195974943344	635	0.112595073148129	635	0.149047876939218	635	0.113431370221413	
640	0.507228220826784	640	0.152284227955294	640	0.119875394499183	640	0.157910735923594	640	0.123248655878409	
645	0.511149324389425	645	0.163199473932687	645	0.127600332544474	645	0.166645258712067	645	0.13453374951438	
650	0.515069782728615	650	0.173878856339022	650	0.135768401515584	650	0.17573577664501	650	0.145918109887363	
655	0.519047706281381	655	0.18689184756362	655	0.147957118834279	655	0.188170552182916	655	0.161886836770325	
660	0.52302587179294	660	0.209899105026948	660	0.170566993283806	660	0.214226737259006	660	0.189177942428365	
665	0.527004279263294	665	0.244795902740528	665	0.204664855362886	665	0.256208226720619	665	0.231549461240181	
670	0.530982928692442	670	0.279551525111091	670	0.240418045926428	670	0.300391508233738	670	0.27463388221922	
675	0.534961820080383	675	0.305004532217366	675	0.269547734687828	675	0.333451883873389	675	0.304641442067453	
680	0.538940953427119	680	0.321341454588925	680	0.289340586471264	680	0.352114642984747	680	0.320360688326231	
685	0.542920328732649	685	0.333310298473971	685	0.304824243509234	685	0.363705315263397	685	0.328781170258818	
690	0.546899945996972	690	0.342437168854143	690	0.315978515114374	690	0.372862077708772	690	0.332885621618648	
695	0.55087980522009	695	0.349778290453252	695	0.323298433230808	695	0.379365169240669	695	0.33545081371947	
700	0.554859906402001	700	0.356617570122812	700	0.32806851525997	700	0.385770750274348	700	0.336708946160514	
705	0.558806133352753	705	0.361704718084803	705	0.329975130091777	705	0.391518809004391	705	0.33754123547372	
710	0.56275211834471	710	0.367181139043212	710	0.330341536249517	710	0.396811589897072	710	0.339448612465845	
715	0.566697861377874	715	0.372226090056539	715	0.330250171894175	715	0.402509381722928	715	0.341587284872653	
720	0.570643362452244	720	0.376784014710312	720	0.328807893029288	720	0.408088043315466	720	0.343873711622053	
725	0.574588621567819	725	0.381715084374218	725	0.327388655239818	725	0.413656340206939	725	0.347768881401638	
730	0.578533638724601	730	0.386454554816647	730	0.32582750831839	730	0.419622961916874	730	0.352968503176808	
735	0.582478413922588	735	0.390493780131679	735	0.324419723068639	735	0.425171718507655	735	0.358282926203118	
740	0.586422947161782	740	0.394858129910468	740	0.323348633403042	740	0.43048178592701	740	0.366126248589312	
745	0.590367238442181	745	0.398861773045588	745	0.323390208745204	745	0.435891157318278	745	0.374163098590762	
750	0.594311287763787	750	0.402971420815396	750	0.323948229506331	750	0.441839531452257	750	0.383589792065713	
755	0.598322077386071	755	0.408751587947665	755	0.327322082334118	755	0.447875356829113	755	0.395479201051497	
760	0.602333512231806	760	0.414809032824225	760	0.332455824431558	760	0.455452898952072	760	0.406582908292646	
765	0.606345592300991	765	0.422212601185003	765	0.340267277419718	765	0.464051362198118	765	0.419405314389381	
770	0.610358317593627	770	0.432324088489792	770	0.352509017230595	770	0.474203621944999	770	0.432232340934902	
775	0.614371688109714	775	0.441074324294261	775	0.36635811347674	775	0.483545845617589	775	0.443176864762286	
780	0.618385703849251	780	0.452510872002132	780	0.38233376506611	780	0.493725325921263	780	0.453321759655137	
785	0.622400364812239	785	0.462774161264833	785	0.399778656510915	785	0.504431272155168	785	0.462243297857356	
790	0.626415670998678	790	0.471786222786907	790	0.415760212392183	790	0.51229762498777	790	0.467312827646933	
795	0.630431622408567	795	0.479829958253765	795	0.429665614674912	795	0.520424581666383	795	0.470932998573659	
800	0.634448219041907	800	0.48702991923612	800	0.443263220764465	800	0.527099087053643	800	0.473935507456467	
805	0.638348594801195	805	0.49157158115293	805	0.45257138496376	805	0.531281443749903	805	0.472410529378483	
810	0.64224816403117	810	0.49621347206511	810	0.459544184356422	810	0.535731574984723	810	0.471356600543882	
815	0.646146926731832	815	0.499970744058984	815	0.464392578721769	815	0.540014299134596	815	0.470822152968057	
820	0.650044882903181	820	0.501373037381103	820	0.464890583337935	820	0.54286162180606	820	0.467235508296656	
825	0.653942032545216	825	0.505672680204148	825	0.464495304046665	825	0.547531992829628	825	0.466192858368144	
830	0.657838375657938	830	0.507435561474173	830	0.462998312392861	830	0.549851900950604	830	0.461816787915327	
835	0.661733912241346	835	0.510080374029083	835	0.457954749122275	835	0.554843961407058	835	0.46024170013468	
840	0.665628642295441	840	0.512930127831185	840	0.454080891143497	840	0.556920509497402	840	0.457596246737178	
845	0.669522565820223	845	0.515681039151288	845	0.449678849099253	845	0.560934665258214	845	0.455193673466375	
850	0.673415682815691	850	0.518938027997056	850	0.444215637166553	850	0.564124033375085	850	0.454396165736938	
855	0.677390743189395	855	0.52216668627708	855	0.438410248140757	855	0.569097247956086	855	0.453926801622516	
860	0.681365964868961	860	0.525286612909312	860	0.433991792548109	860	0.572152853249635	860	0.453335553427941	
865	0.685341347854389	865	0.528265491875442	865	0.428907223814186	865	0.57777313565842	865	0.454742370062013	
870	0.68931689214568	870	0.531974817204961	870	0.42368835241436	870	0.580575474396323	870	0.456563013214547	
875	0.693292597742835	875	0.534869907756043	875	0.420339402561213	875	0.58560971751267	875	0.458710346352899	
880	0.697268464645851	880	0.538906568782767	880	0.416569526263294	880	0.589605591933255	880	0.463334696388911	
885	0.70124449285473	885	0.543533682629843	885	0.414964739295916	885	0.594540135555872	885	0.46974687025342	
890	0.705220682369472	890	0.54586335879332	890	0.413332532808029	890	0.5982142726612	890	0.475624397609121	
895	0.709197033190077	895	0.551270413889283	895	0.41235485192907	895	0.605159262829777	895	0.484804202968986	
900	0.713173545316544	900	0.554388776214538	900	0.412831111668176	900	0.607900719180842	900	0.493537883977789	
905	0.717186714200303	905	0.558562152518396	905	0.414308360610022	905	0.61234307600415	905	0.504342577128396	
910	0.72120044765458	910	0.563267625747992	910	0.417934509764443	910	0.617559259629645	910	0.517677041677537	
915	0.725214745679377	915	0.568139200096255	915	0.422881235736256	915	0.620930991788091	915	0.528253411134991	
920	0.729229608274694	920	0.572506671082534	920	0.428823727144772	920	0.624758241889765	920	0.540604728218512	
925	0.733245035440529	925	0.577770086123263	925	0.436985317945446	925	0.630115536040938	925	0.552408601644097	
930	0.737261027176884	930	0.582606370734394	930	0.447579626464396	930	0.631485315172692	930	0.561941617295485	
935	0.741277583483759	935	0.586976967800109	935	0.458679171344772	935	0.63643454205454	935	0.571947041383783	
940	0.745294704361152	940	0.593118755871552	940	0.472644674640601	940	0.639294310408091	940	0.579470160973672	
945	0.749312389809065	945	0.597298445385912	945	0.488461192765656	945	0.642722668879958	945	0.584106427777266	
950	0.753330639827498	950	0.60060470139884	950	0.502115734300466	950	0.64495203192553	950	0.588148017652959	
955	0.757264728512084	955	0.606173032086039	955	0.518118809627748	955	0.648550858836928	955	0.592084921862935	
960	0.761198494584944	960	0.610200976763377	960	0.531001088813351	960	0.651429243423637	960	0.592470041054719	
965	0.765131938046079	965	0.611838137437672	965	0.545657678623483	965	0.653697774827256	965	0.593545225340237	
970	0.769065058895489	970	0.615537286557375	970	0.556594738244242	970	0.655386677357338	970	0.591479923148488	
975	0.772997857133174	975	0.61908674447204	975	0.566319273752608	975	0.659561471283809	975	0.590681396331188	
980	0.776930332759133	980	0.623303202051618	980	0.576258202713315	980	0.663728075242761	980	0.590793649889813	
985	0.780862485773367	985	0.62231351411818	985	0.580876249948091	985	0.664162886199312	985	0.587017311426863	
990	0.784794316175875	990	0.627594857845499	990	0.584057230536684	990	0.669234186848875	990	0.585794544385745	
995	0.788725823966658	995	0.629360649493239	995	0.587448824105385	995	0.671137412896614	995	0.583187990213693	
1000	0.792657009145716	1000	0.630880001981424	1000	0.585576614828872	1000	0.673837163145243	1000	0.579129566417904	
1005	0.796531132375856	1005	0.63366084311281	1005	0.584509754101638	1005	0.678090863637076	1005	0.577888920346232	
1010	0.80040436842375	1010	0.63656016909	1010	0.582647166048544	1010	0.681144692596885	1010	0.5751282578919	
1015	0.804276717289401	1015	0.636787672522351	1015	0.577516919592362	1015	0.684467625128813	1015	0.571232389069596	
1020	0.808148178972806	1020	0.640962975512043	1020	0.573545849497628	1020	0.688529143875145	1020	0.570193713500121	
1025	0.812018753473966	1025	0.643085692164081	1025	0.570301098714096	1025	0.691004410490596	1025	0.568584249446261	
1030	0.815888440792883	1030	0.644377643714415	1030	0.560809059489779	1030	0.693956067780984	1030	0.56353635458772	
1035	0.819757240929554	1035	0.648136220717465	1035	0.557858561477376	1035	0.698376595926631	1035	0.563528126346442	
1040	0.823625153883981	1040	0.650775613379904	1040	0.553461962739311	1040	0.701597481997484	1040	0.559436234061743	
1045	0.827492179656163	1045	0.652021289853086	1045	0.544572156591087	1045	0.70426948265477	1045	0.556721492792744	
1050	0.8313583182461	1050	0.654408590072618	1050	0.53899205573269	1050	0.7099224724552	1050	0.556008269953787	
1055	0.835291640727838	1055	0.659210201823863	1055	0.535122073177849	1055	0.712756118064848	1055	0.553872402254463	
1060	0.839224721250783	1060	0.659674787430311	1060	0.525810504995574	1060	0.714116241069826	1060	0.550230677492438	
1065	0.843157559814933	1065	0.664137419225632	1065	0.522387309751542	1065	0.71918690715664	1065	0.550572022195679	
1070	0.847090156420289	1070	0.667252684788127	1070	0.519118099575872	1070	0.72260057367048	1070	0.54842902077058	
1075	0.851022511066851	1075	0.670402666939199	1075	0.511699261710799	1075	0.725833571542249	1075	0.547312236844693	
1080	0.854954623754619	1080	0.672463927251545	1080	0.507380921016635	1080	0.731037773094355	1080	0.552585842919705	
1085	0.858886494483593	1085	0.677749883735468	1085	0.506791913062224	1085	0.737321243452446	1085	0.551584218533016	
1090	0.862818123253773	1090	0.681731772357009	1090	0.502716835762135	1090	0.736397275913259	1090	0.546487638413464	
1095	0.86674951006516	1095	0.683620431224101	1095	0.496646407655166	1095	0.742998055784162	1095	0.554683453602371	
1100	0.870680654917752	1100	0.680138369258401	1100	0.489674023793325	1100	0.738050057743649	1100	0.550137687479542	
