#ReRa Photor QE measurement
Wavelength [nm]	QE[-] (JE795 inverted noARC_Total reflectance centre)	Wavelength [nm]	QE[-] (JE795 inverted noARC_Diffuse reflectance centre)	Wavelength [nm]	QE[-] (JE795 inverted noARC_Total reflectance edge major)	Wavelength [nm]	QE[-] (JE795 inverted noARC_Diffuse reflectance edge major)	
300	0.557741053457236	300	0.348713962549832	300	0.616711259656955	300	0.277199589566135	
305	0.581507567483526	305	0.218914373405293	305	0.599965282776952	305	0.293995039657354	
310	0.562806119830777	310	0.285203092121038	310	0.548221487130516	310	0.255383410034623	
315	0.554005394382372	315	0.203582538289038	315	0.58975375278997	315	0.289401901079238	
320	0.562123474932994	320	0.272124329811321	320	0.559201244119321	320	0.261298332597268	
325	0.595994143183446	325	0.311185715869642	325	0.614920533255685	325	0.311968837675728	
330	0.561871885499288	330	0.246740038846055	330	0.613439829266035	330	0.279291563080327	
335	0.578388168762165	335	0.25541826378538	335	0.630426912203381	335	0.271115699600384	
340	0.553826060287069	340	0.137849931103365	340	0.538757949896455	340	0.254580444744909	
345	0.453971409870557	345	0.101614291377839	345	0.463122372151661	345	0.115014170954171	
350	0.399070561932813	350	0.00984615961498572	350	0.46746973316154	350	0.0287552358806249	
355	0.431190268452989	355	0.0287706158811478	355	0.426858398385725	355	0.0170486206466662	
360	0.430901490221733	360	0.0212606982444073	360	0.430707385624692	360	0.0205689039581451	
365	0.429443302260939	365	0.0153877848906631	365	0.431536711150923	365	0.0156434057477877	
370	0.433139276128678	370	0.0154462530473629	370	0.425643186556616	370	0.0151989418122322	
375	0.428474544499185	375	0.0117756948051841	375	0.424607078341904	375	0.0140898237404375	
380	0.424093808053316	380	0.0095817690429773	380	0.420484656819526	380	0.00890045527873916	
385	0.422298787367946	385	0.00800882320137172	385	0.416424124712312	385	0.00851652447349394	
390	0.417622350639812	390	0.00754783498984823	390	0.410729609211461	390	0.00758424415347647	
395	0.413859677743183	395	0.00695159967027527	395	0.405283794967266	395	0.00673720629329141	
400	0.412275810447539	400	0.00614736205809865	400	0.406299516323364	400	0.00681322114769237	
405	0.406930380434262	405	0.00612622046913466	405	0.403906041444076	405	0.00570151886011809	
410	0.39768019789721	410	0.00540269218721779	410	0.397826023028686	410	0.00583443412295572	
415	0.386408705211131	415	0.00532157727154735	415	0.38864156022655	415	0.00561760709470037	
420	0.37537823837192	420	0.00576486762454805	420	0.377351847126291	420	0.00542840709349355	
425	0.366636977260577	425	0.00517874651903006	425	0.36827822263688	425	0.00512742057224163	
430	0.361289579138956	430	0.0052675975307008	430	0.360758955168275	430	0.00531481402792158	
435	0.358902909947163	435	0.00514913933116939	435	0.354817966039748	435	0.00523589913546428	
440	0.358070312056643	440	0.0050886560765047	440	0.352943786794671	440	0.00543976139346894	
445	0.359433347340347	445	0.00565414652251176	445	0.355400165881238	445	0.00552006417366862	
450	0.362592394379261	450	0.00604075410139151	450	0.357625370759168	450	0.00602661591515304	
455	0.368962931656476	455	0.00835733202778282	455	0.359383041531628	455	0.00687019630573114	
460	0.366701014528283	460	0.00742142007118817	460	0.361615508917355	460	0.00960108525588414	
465	0.368127880691789	465	0.00923508997300706	465	0.357112182241497	465	0.00766264013977181	
470	0.364966435479061	470	0.0110207423410449	470	0.365589241935121	470	0.0111363511276387	
475	0.362100925102306	475	0.0120263750953261	475	0.371998112890072	475	0.013743611037517	
480	0.37098637117083	480	0.0122064251115531	480	0.367664588255903	480	0.0109572282329658	
485	0.366789967468302	485	0.0135667614015631	485	0.359718650957118	485	0.0172403341612535	
490	0.362280877535071	490	0.0150587012922382	490	0.347935027045037	490	0.0146807508612304	
495	0.35312619776675	495	0.0184577960655557	495	0.34055441918673	495	0.0190251629480924	
500	0.338522545905619	500	0.0187271832637094	500	0.343398413812037	500	0.0223663538122425	
505	0.333758353395273	505	0.0214145318554144	505	0.349586856693986	505	0.0206303836909522	
510	0.333486116337987	510	0.0233458187319023	510	0.354857529958031	510	0.0251198013773661	
515	0.344061675669843	515	0.0265642550131129	515	0.354054744935121	515	0.0257490626290052	
520	0.352928609654623	520	0.0282708904194728	520	0.348133143282069	520	0.0296497318238048	
525	0.357923242088979	525	0.0299427092208166	525	0.337439887887302	525	0.032329956953243	
530	0.356038224338727	530	0.0340828140698135	530	0.326990569849685	530	0.0375144534505553	
535	0.345272771270892	535	0.0352136507762192	535	0.325997563034416	535	0.0392805247013578	
540	0.337622902441929	540	0.0399947037362	540	0.332611571557884	540	0.0428962130957828	
545	0.333346239017856	545	0.0440934792371451	545	0.347427720532327	545	0.0443451677410756	
550	0.340785697891951	550	0.0451280073035319	550	0.365908709504575	550	0.0455890490867303	
555	0.356092915221743	555	0.0485664652862016	555	0.381501028774132	555	0.0485729470238086	
560	0.372065664395482	560	0.0488880767720423	560	0.392252105748681	560	0.0488149897508089	
565	0.391987870429532	565	0.0494259723837952	565	0.397654715585781	565	0.052760848815815	
570	0.406816023036327	570	0.0493405779587674	570	0.395471420240809	570	0.0556106275074684	
575	0.416711018743536	575	0.0525599712169487	575	0.3862369788208	575	0.0621017913212835	
580	0.417428216752152	580	0.0558028311425536	580	0.375575189913776	580	0.0662542705210608	
585	0.411735332244168	585	0.0606281471564123	585	0.368056334537481	585	0.0723006134908126	
590	0.399237346251564	590	0.0662551891166887	590	0.371313282549678	590	0.0756301576166294	
595	0.386151519513109	595	0.0732907817529324	595	0.380561392548695	595	0.0796477367742285	
600	0.379643695890944	600	0.0801954442829024	600	0.394747813224334	600	0.0826426028917088	
605	0.380373896596966	605	0.0849830708095954	605	0.411409141764056	605	0.0847671740544528	
610	0.389684159170938	610	0.089750712218967	610	0.426646350836852	610	0.0867943270599516	
615	0.403198752465448	615	0.0925816685174453	615	0.443210231132364	615	0.0900300266182493	
620	0.420391348551071	620	0.0965862334665492	620	0.459035801753854	620	0.0956468465147282	
625	0.439938918283383	625	0.101494274448776	625	0.470616120158224	625	0.100565709170224	
630	0.460022909065803	630	0.104633582539353	630	0.483098165260741	630	0.109688327428767	
635	0.481135655681832	635	0.110582198984511	635	0.491562171625351	635	0.119929478103637	
640	0.49547519776748	640	0.116067175204865	640	0.493190329047325	640	0.131403077290085	
645	0.508844495118608	645	0.122418933096391	645	0.490707684646632	645	0.149981502619872	
650	0.517337187084532	650	0.132740430883338	650	0.484350419036556	650	0.170264181608754	
655	0.521193154169839	655	0.148639422521166	655	0.481982875765616	655	0.197789964083901	
660	0.536470469635773	660	0.182140383162154	660	0.502429794957231	660	0.240600183327555	
665	0.562800233084245	665	0.238383873870283	665	0.5520083270199	665	0.296421241009283	
670	0.592857087329821	670	0.300352076448411	670	0.609801272528391	670	0.345078621369613	
675	0.616499547659309	675	0.350193298038975	675	0.655118217769533	675	0.370735587034039	
680	0.63093282361917	680	0.376468595675303	680	0.681968398150636	680	0.376385933535538	
685	0.644968560171338	685	0.386070291713011	685	0.700611326102619	685	0.37239599586876	
690	0.656259602701776	690	0.38206870272783	690	0.711110457013589	690	0.364863970933411	
695	0.668222150178013	695	0.371828953553184	695	0.72131061805802	695	0.356514938449514	
700	0.67598440512217	700	0.358375440427167	700	0.729102739108584	700	0.347556532481803	
705	0.683867337146233	705	0.342982420027341	705	0.734153469622699	705	0.342570516648287	
710	0.691199699156542	710	0.330496459512285	710	0.742046378065216	710	0.335251017336024	
715	0.697772517946571	715	0.31828098251968	715	0.745829866012584	715	0.331821152477324	
720	0.705690317327471	720	0.308566323053863	720	0.751465548275515	720	0.331218846780111	
725	0.71147166119962	725	0.300683609672535	725	0.754426673320313	725	0.333593228866745	
730	0.715603863917038	730	0.294979727615921	730	0.757562612872656	730	0.34282522740404	
735	0.720162419981634	735	0.293109907259973	735	0.759250599683824	735	0.358065382642265	
740	0.724676164588045	740	0.291600179621461	740	0.756801913609272	740	0.382878697476546	
745	0.725447326238646	745	0.298475099488664	745	0.754689207310828	745	0.413250468900917	
750	0.726774255992931	750	0.310225896559125	750	0.751319186622232	750	0.448441551185588	
755	0.728696224522621	755	0.329968004408044	755	0.751261259193574	755	0.477032723731512	
760	0.727630272118042	760	0.360919859871752	760	0.754676517686798	760	0.498430057401542	
765	0.729168383511753	765	0.397167759364075	765	0.760127941364327	765	0.512220292327319	
770	0.735489234065686	770	0.439783005447483	770	0.772192697503991	770	0.517394106422227	
775	0.740257918636631	775	0.477059634302076	775	0.784632487904662	775	0.52077784530967	
780	0.749171880040552	780	0.507721118851103	780	0.7980451209912	780	0.520169537235973	
785	0.759903594059907	785	0.529526484347938	785	0.810931973925617	785	0.521978876108494	
790	0.765569831761117	790	0.538161793393597	790	0.820146638838617	790	0.518573882897937	
795	0.771757862931723	795	0.539530653789192	795	0.829359498335639	795	0.513509487385124	
800	0.775949140471261	800	0.532451864255994	800	0.835109468096422	800	0.507119519654711	
805	0.779914457220548	805	0.521581428094402	805	0.838202126012036	805	0.499400829172788	
810	0.781530661513831	810	0.508114040284047	810	0.843609607491013	810	0.493759662734143	
815	0.781837374991789	815	0.493145833672215	815	0.841572654248481	815	0.482768383245381	
820	0.784005970627965	820	0.478688398321411	820	0.844802781016364	820	0.475600432402696	
825	0.783094243596141	825	0.463140081042844	825	0.845381256006101	825	0.466336066487188	
830	0.786303369149982	830	0.450764868689865	830	0.846691540264998	830	0.460101530189263	
835	0.784444127789963	835	0.438110141838056	835	0.847370592743495	835	0.454329423637037	
840	0.786333290587106	840	0.425382404424041	840	0.848877491822674	840	0.448607709145663	
845	0.788566317346591	845	0.416278987392077	845	0.850772118736941	845	0.445939293163706	
850	0.788080625832426	850	0.407276126602577	850	0.850814212041522	850	0.443493259434279	
855	0.790473077922214	855	0.399452839428726	855	0.852969660410285	855	0.443225364233361	
860	0.791037822191255	860	0.392662527026435	860	0.853950415382975	860	0.448224029131094	
865	0.794575004002072	865	0.389435749619623	865	0.857401414230141	865	0.453817910106576	
870	0.797734805404316	870	0.386548788711448	870	0.860733032004332	870	0.465351293535834	
875	0.796574964657017	875	0.385115233039282	875	0.860830919098328	875	0.480328375985762	
880	0.79876135689395	880	0.389692336604914	880	0.864393461917304	880	0.502845183284343	
885	0.801602784043508	885	0.395850031896507	885	0.866811289478815	885	0.530656056200484	
890	0.803530934588417	890	0.407150423897933	890	0.868033403912477	890	0.562859074357359	
895	0.8055483061236	895	0.420569123963673	895	0.867416143036643	895	0.594302416067258	
900	0.806152401432277	900	0.439918395059236	900	0.868622638097876	900	0.622902916974174	
905	0.810822939761523	905	0.466832623766452	905	0.868186323533061	905	0.64933376877463	
910	0.809834798225245	910	0.496605576098156	910	0.8661992480994	910	0.666891293588128	
915	0.813667241410929	915	0.53067277667691	915	0.867715851483799	915	0.678232725595497	
920	0.812756667711966	920	0.560775233883856	920	0.86541194118052	920	0.680574808801625	
925	0.810134666804749	925	0.590012582000683	925	0.862655006573778	925	0.676718920460836	
930	0.812552838075153	930	0.614327967550612	930	0.863209455486096	930	0.672901694945593	
935	0.808016568112116	935	0.629670599380948	935	0.860477709863338	935	0.664619765057858	
940	0.807198588156115	940	0.643509798254463	940	0.860451219833063	940	0.656313396673873	
945	0.806212677685765	945	0.645661925086207	945	0.860360875695929	945	0.644782262248116	
950	0.801714535625867	950	0.644311669253681	950	0.857060026751473	950	0.633063551768129	
955	0.802580296390652	955	0.639675510689935	955	0.857031562418971	955	0.623645032417304	
960	0.799689233527515	960	0.630229256341764	960	0.854838703163772	960	0.613764246074792	
965	0.799650619713464	965	0.617890885921269	965	0.855179508126779	965	0.602496196603622	
970	0.797389568652282	970	0.606261434528703	970	0.856661298266495	970	0.5933822148981	
975	0.796777499419099	975	0.59496132792442	975	0.854329840313302	975	0.583778482943654	
980	0.794945956843877	980	0.579850077157354	980	0.854404760234239	980	0.575068187407552	
985	0.795785150168442	985	0.566370799398098	985	0.855233174126477	985	0.566394688794142	
990	0.793110600130385	990	0.55290039220186	990	0.852690148873544	990	0.556337979732503	
995	0.79494019991373	995	0.542720529635125	995	0.855458723556715	995	0.54951979275734	
1000	0.794409096573392	1000	0.529085465502145	1000	0.856040137682386	1000	0.541661753875812	
1005	0.792308724328476	1005	0.516067606342655	1005	0.853077445713817	1005	0.532840811856243	
1010	0.795825304250605	1010	0.505518470779191	1010	0.856678300846874	1010	0.525182898138949	
1015	0.79469942096064	1015	0.492952787931619	1015	0.852937342997117	1015	0.519200267557601	
1020	0.793938894649765	1020	0.4861022707154	1020	0.855147322960472	1020	0.514626444212463	
1025	0.794155099583166	1025	0.473698062513334	1025	0.856701728605301	1025	0.50483489216161	
1030	0.794731596324307	1030	0.464822372185035	1030	0.856745123453208	1030	0.502035837496168	
1035	0.794918625504001	1035	0.45866693683887	1035	0.858765079317384	1035	0.496446546026219	
1040	0.796083443724107	1040	0.448915256713056	1040	0.852967760120011	1040	0.489923407817037	
1045	0.79737279778664	1045	0.442035682110014	1045	0.858552945067913	1045	0.491738585539323	
1050	0.79492372437778	1050	0.436467049282017	1050	0.856763595194228	1050	0.48571829784503	
1055	0.795816284421102	1055	0.431368236148577	1055	0.859400568689138	1055	0.483865023480973	
1060	0.801241266789629	1060	0.424531171591045	1060	0.867152615711733	1060	0.485731341281734	
1065	0.800321485381365	1065	0.41797880890712	1065	0.856928697075543	1065	0.483911913388478	
1070	0.802111360707519	1070	0.415441045057255	1070	0.862696101334996	1070	0.481879558213819	
1075	0.801086431847595	1075	0.416903866991082	1075	0.86245581198566	1075	0.484223303707455	
1080	0.804984141336129	1080	0.412072547762513	1080	0.870900720137708	1080	0.49708216638462	
1085	0.8017592808735	1085	0.409277859414625	1085	0.86502983811153	1085	0.499734577827922	
1090	0.79947878797498	1090	0.414471728065601	1090	0.874618779116695	1090	0.510640277472613	
1095	0.810074160183332	1095	0.410148149348421	1095	0.873564202687428	1095	0.515846831926938	
1100	0.801912254332633	1100	0.413199092833528	1100	0.866046954218417	1100	0.53643626647294	
