#ReRa Photor QE measurement
Wavelength [nm]	QE[-] (Reflectance Transmittance 300-1750_calibration_calibration)	Wavelength [nm]	QE[-] (JE794 inverted noARC_Total reflectance centre)	Wavelength [nm]	QE[-] (JE794 inverted noARC_Diffuse reflectance centre)	Wavelength [nm]	QE[-] (JE794 inverted noARC_Total reflectance edge major)	Wavelength [nm]	QE[-] (JE794 inverted noARC_Diffuse reflectance edge major)	
300	0.9717	300	0.442039014112005	300	0.112482162470343	300	0.447206463861606	300	0.147593653287706	
305	0.972	305	0.524424236399218	305	0.0900326577158149	305	0.455758174434107	305	0.137263847122103	
310	0.9723	310	0.494342058147594	310	0.147979232727173	310	0.464562772081981	310	0.137043168110629	
315	0.9726	315	0.534465516565822	315	0.125187817998365	315	0.675435947244481	315	0.197290836402289	
320	0.9729	320	0.600972108579293	320	0.102952880836694	320	0.491290191918646	320	0.157543304044121	
325	0.9732	325	0.489271544626511	325	0.0757554262731607	325	0.461657513651395	325	0.14859295571584	
330	0.9735	330	0.482132998034061	330	0.153883588040542	330	0.419751900285951	330	0.148522411732422	
335	0.9738	335	0.497413414634815	335	0.103265492023002	335	0.504871802330408	335	0.133290146142478	
340	0.9741	340	0.463119095570158	340	0.100585181546574	340	0.503066184740268	340	0.136874822092894	
345	0.9744	345	0.447656727283239	345	0.0685142165575022	345	0.436004502761832	345	0.0825901044268807	
350	0.9747	350	0.429398889719999	350	0.0180805975567124	350	0.406777730788189	350	0.0541273145058519	
355	0.97507	355	0.426697017130053	355	0.0186093241678504	355	0.423977126035257	355	0.0163521026477174	
360	0.97544	360	0.417080839901125	360	0.0211329072009212	360	0.419232818697272	360	0.017510980398697	
365	0.97581	365	0.42450588433272	365	0.0127037909595878	365	0.418457067434676	365	0.0173585270444865	
370	0.97618	370	0.419681592905296	370	0.0141624140286202	370	0.417193695371577	370	0.0127257180896267	
375	0.97655	375	0.41841314888831	375	0.0109697430204085	375	0.412034225872157	375	0.0102621688948011	
380	0.97692	380	0.41633589895167	380	0.00937516441631145	380	0.410063592955014	380	0.00839386487279445	
385	0.97729	385	0.409468371090592	385	0.00693213683866989	385	0.4054960380739	385	0.00793384375936686	
390	0.97766	390	0.405160769858583	390	0.00635668452128497	390	0.397639331279714	390	0.00696336435242949	
395	0.97803	395	0.399917959365405	395	0.00573443668527155	395	0.390107886962554	395	0.00588305647347125	
400	0.9784	400	0.39999077375416	400	0.00565723842141377	400	0.387367143902705	400	0.00599123680968822	
405	0.97864	405	0.399654401547962	405	0.0060159440695711	405	0.38645955912143	405	0.00586082641125377	
410	0.97888	410	0.395407424739911	410	0.00524404552680256	410	0.384900636476214	410	0.00513835057653334	
415	0.97912	415	0.387858497063498	415	0.00504574662813521	415	0.381521339464164	415	0.00527431259659334	
420	0.97936	420	0.378843424457285	420	0.00498044855131137	420	0.376709970831059	420	0.00495450521307359	
425	0.9796	425	0.36830635206311	425	0.0048094610733479	425	0.370586637731712	425	0.00477570826458537	
430	0.97984	430	0.358148986225742	430	0.00503737734496335	430	0.361927773036482	430	0.00481733791288862	
435	0.98008	435	0.35302558836368	435	0.0049791541287416	435	0.351349582400709	435	0.00499918983438064	
440	0.98032	440	0.351718940352684	440	0.00497046129931562	440	0.346721722479247	440	0.004729803042751	
445	0.98056	445	0.3468780156461	445	0.00512646285521648	445	0.348511343154252	445	0.00499346043772293	
450	0.9808	450	0.338971137835328	450	0.00540616310127823	450	0.345710800229694	450	0.00516488141365174	
455	0.980919999999999	455	0.343082803433399	455	0.00354899001074336	455	0.349967441583742	455	0.00880249954326134	
460	0.98104	460	0.357512737505073	460	0.00853123643444487	460	0.333072175333164	460	0.00925947264686217	
465	0.98116	465	0.368239667259882	465	0.00749774874271058	465	0.338241801413136	465	0.00613530510967078	
470	0.98128	470	0.361891512792081	470	0.00681572310411844	470	0.361732895627165	470	0.00734018634930117	
475	0.9814	475	0.331982239297142	475	0.0101547196527791	475	0.37648231690383	475	0.00833387797447759	
480	0.98152	480	0.331137562165213	480	0.00905097767169569	480	0.371130821439094	480	0.00651572231431132	
485	0.98164	485	0.356426182037632	485	0.0094840888853483	485	0.342774530176754	485	0.0109385914648143	
490	0.98176	490	0.384285603834695	490	0.00989572636232958	490	0.318517792593565	490	0.0115083671396734	
495	0.98188	495	0.393831959778216	495	0.0113747463089272	495	0.321071893361902	495	0.0111731601046884	
500	0.982	500	0.36584168395333	500	0.0134514537433227	500	0.347525310063045	500	0.0123116285554476	
505	0.98205	505	0.315875387170004	505	0.015993346777914	505	0.382786361303487	505	0.0121426863835006	
510	0.9821	510	0.28025481606833	510	0.0168739108498835	510	0.399219722875022	510	0.0129462780507562	
515	0.98215	515	0.282890659613298	515	0.0184193195787905	515	0.388094882316253	515	0.0154912355286654	
520	0.9822	520	0.322865554433095	520	0.0177523460736287	520	0.349167461818294	520	0.0159215427576955	
525	0.98225	525	0.372880923600257	525	0.018291993608231	525	0.298182779926708	525	0.020214455999747	
530	0.9823	530	0.406555440213157	530	0.0183188823856593	530	0.259913049798702	530	0.0228196628422929	
535	0.98235	535	0.405152033982355	535	0.020450974303157	535	0.258799596851378	535	0.0238910919087327	
540	0.9824	540	0.371913273391256	540	0.0235863962053438	540	0.295048592286538	540	0.0245523806944328	
545	0.98245	545	0.312900269904428	545	0.0283708658292458	545	0.349296292027967	545	0.0232593605989389	
550	0.9825	550	0.256821240931096	550	0.0341247417823581	550	0.396096902775182	550	0.0200522615163078	
555	0.98258	555	0.236484471890582	555	0.0359689703330973	555	0.420427195434596	555	0.0210153609300504	
560	0.98266	560	0.267293912260257	560	0.036787139088962	560	0.421560540653964	560	0.022653568506691	
565	0.98274	565	0.332944327094025	565	0.0326934292344	565	0.400241647551006	565	0.0263210992576222	
570	0.98282	570	0.399579834357763	570	0.0294233813812462	570	0.35443089514993	570	0.0307320935798743	
575	0.9829	575	0.454750511999621	575	0.0265164522233451	575	0.29702079267084	575	0.0371620019922716	
580	0.98298	580	0.482067932710903	580	0.0257511405882	580	0.247179011648125	580	0.0437653508144868	
585	0.98306	585	0.485122125873654	585	0.0277069057614697	585	0.230693348059536	585	0.0468775982840358	
590	0.98314	590	0.463574829328969	590	0.0311211120027588	590	0.254836754850809	590	0.0465747764750007	
595	0.98322	595	0.416752106989342	595	0.0396258450268218	595	0.309113304530437	595	0.0436878806619461	
600	0.9833	600	0.355452821051686	600	0.0477381928948118	600	0.373283351318819	600	0.0391795312915929	
605	0.98322	605	0.288219714022468	605	0.0587283940987349	605	0.431892448518274	605	0.0356025801548547	
610	0.98314	610	0.241440705337273	610	0.0679881561386325	610	0.474167168071808	610	0.033316092524585	
615	0.98306	615	0.235798318759426	615	0.0712535114628558	615	0.503909543800043	615	0.0322886911376017	
620	0.98298	620	0.274953591851846	620	0.0707777523860298	620	0.519178930066064	620	0.0331922595616804	
625	0.9829	625	0.342398492895286	625	0.0644850811915563	625	0.522124909393926	625	0.0356617556403137	
630	0.98282	630	0.418713032786471	630	0.0576570355084786	630	0.511811751670598	630	0.0423292414731074	
635	0.98274	635	0.486642364135058	635	0.0508229588342775	635	0.486168730573737	635	0.0525635111476553	
640	0.98266	640	0.537038645150758	640	0.0460701946992866	640	0.443392871540871	640	0.0672965856485465	
645	0.98258	645	0.571167430800032	645	0.0433782974776909	645	0.386369671312083	645	0.088260547928937	
650	0.9825	650	0.591709621921929	650	0.0441661911190339	650	0.322663273986793	650	0.111471297422287	
655	0.98253	655	0.600471550707898	655	0.0482255258863424	655	0.274286367228964	655	0.135463762892159	
660	0.98256	660	0.605284544452028	660	0.05913026816873	660	0.265516988337329	660	0.163360327117486	
665	0.98259	665	0.606631860681835	665	0.0833980197396098	665	0.312042431193472	665	0.182048500401147	
670	0.98262	670	0.594726194834489	670	0.12831779278596	670	0.392883309099663	670	0.178367361678132	
675	0.98265	675	0.55979742641205	675	0.19298985860926	675	0.475520434886155	675	0.153437210693487	
680	0.98268	680	0.510675577585853	680	0.271740785405332	680	0.538704593854174	680	0.124857865233141	
685	0.98271	685	0.466079785609317	685	0.34150938353199	685	0.585675665898288	685	0.104895658703123	
690	0.98274	690	0.448007428102518	690	0.370609174460932	690	0.619999475958837	690	0.0914128142816694	
695	0.98277	695	0.464326715114026	695	0.346090260159661	695	0.641162567279164	695	0.0825192774845577	
700	0.9828	700	0.509858360632983	700	0.284821880012716	700	0.657285187471988	700	0.0805029770459883	
705	0.98277	705	0.558993084880952	705	0.218712158955979	705	0.667156059961752	705	0.0805710278287355	
710	0.98274	710	0.604489821833739	710	0.163658161127437	710	0.673465053543574	710	0.0849091776348656	
715	0.98271	715	0.639924310075939	715	0.126420102417406	715	0.676323808928428	715	0.0931734273101535	
720	0.98268	720	0.666532413978073	720	0.103223927129504	720	0.675428855751115	720	0.108937893414855	
725	0.98265	725	0.687703293443697	725	0.0881936181139047	725	0.66914438027655	725	0.134815905446204	
730	0.98262	730	0.702345291229312	730	0.080680829662366	730	0.655304228415704	730	0.170409941347674	
735	0.98259	735	0.713968759357496	735	0.0762447748822129	735	0.633818365113355	735	0.221961349258074	
740	0.98256	740	0.718911976685376	740	0.0753058083409543	740	0.601743272259987	740	0.284646900963328	
745	0.98253	745	0.724325045433021	745	0.0788701962448057	745	0.561243991215472	745	0.350313689764964	
750	0.9825	750	0.723982197853706	750	0.0856175893525702	750	0.519368543950507	750	0.401180038647968	
755	0.98258	755	0.720777398268691	755	0.098195078381756	755	0.492302753018086	755	0.421620383804999	
760	0.98266	760	0.717027055388413	760	0.118853463821642	760	0.485315795469185	760	0.402094060491103	
765	0.98274	765	0.708523546817616	765	0.151106565272127	765	0.500808093915912	765	0.354422315008137	
770	0.98282	770	0.696410394472789	770	0.196748953929746	770	0.530282144618429	770	0.296011047288549	
775	0.9829	775	0.68003985156655	775	0.258036645260852	775	0.563112888661955	775	0.241310094684016	
780	0.98298	780	0.656856170842189	780	0.334547476800503	780	0.590731823017086	780	0.198727937702357	
785	0.98306	785	0.625648903170284	785	0.414475799573507	785	0.617352362992111	785	0.167328810131574	
790	0.98314	790	0.591991107109784	790	0.476978973189247	790	0.636901928439613	790	0.145211982167667	
795	0.98322	795	0.566002575945806	795	0.506148553701049	795	0.653335586369553	795	0.128668670707431	
800	0.9833	800	0.551647290734586	800	0.488769547493534	800	0.668542570680644	800	0.11823276886809	
805	0.9832	805	0.556195783482918	805	0.435811049951183	805	0.681913877119453	805	0.110453717536571	
810	0.9831	810	0.57351680924567	810	0.365836733097659	810	0.692976992017407	810	0.104192393417314	
815	0.983	815	0.593594260629598	815	0.298818598079243	815	0.702087265839171	815	0.100186766489077	
820	0.9829	820	0.618996162543941	820	0.241758642120676	820	0.710346680482345	820	0.0977848548520481	
825	0.9828	825	0.639177959632247	825	0.199213176356684	825	0.717726481448826	825	0.0963749437414078	
830	0.9827	830	0.657464034236557	830	0.169750987694897	830	0.724427460311701	830	0.0971623168653784	
835	0.9826	835	0.67714430470042	835	0.14608986900642	835	0.729270275165433	835	0.100180545015063	
840	0.9825	840	0.691324747700295	840	0.130220646555914	840	0.733643465372672	840	0.107035975600533	
845	0.9824	845	0.704437035513107	845	0.119978220964014	845	0.736017457091441	845	0.112186493716976	
850	0.9823	850	0.714837115092758	850	0.109858633455179	850	0.735238440061991	850	0.125463079239145	
855	0.98232	855	0.725390676452579	855	0.104511776609506	855	0.734813020138876	855	0.141939032116868	
860	0.98234	860	0.732800022024828	860	0.100866962209453	860	0.732179650764176	860	0.162240255445449	
865	0.98236	865	0.739367871773398	865	0.0982601523331357	865	0.729093367340362	865	0.190924864476272	
870	0.98238	870	0.747730383904281	870	0.0977085305871421	870	0.724800135604903	870	0.229997115527004	
875	0.9824	875	0.750834522041475	875	0.098888298550178	875	0.712866278362392	875	0.273140054624133	
880	0.98242	880	0.754929535964569	880	0.103136710647621	880	0.69989755879353	880	0.325530729135737	
885	0.98244	885	0.756636339648296	885	0.107485333924888	885	0.680369673751368	885	0.383651632468922	
890	0.98246	890	0.757461827987526	890	0.115676870085271	890	0.65724158467483	890	0.438954301437916	
895	0.98248	895	0.759365799402272	895	0.127308371797072	895	0.632160863222495	895	0.48927746437822	
900	0.9825	900	0.758554770424586	900	0.140089249699848	900	0.603885964245644	900	0.520976666039753	
905	0.98257	905	0.756237249830581	905	0.162144908770986	905	0.580673032658269	905	0.530446679994789	
910	0.98264	910	0.751024938120362	910	0.188423703929833	910	0.565849007622303	910	0.513046733528745	
915	0.98271	915	0.746295868036037	915	0.221348299113324	915	0.560392928559989	915	0.478228331680034	
920	0.98278	920	0.738004659294281	920	0.264360280842383	920	0.562783865638201	920	0.431722557275393	
925	0.98285	925	0.727595366321209	925	0.311921778417057	925	0.56936150970701	925	0.381994370219127	
930	0.98292	930	0.714836052851947	930	0.367337867118876	930	0.581250446965941	930	0.339673102740605	
935	0.98299	935	0.69407671415845	935	0.422866303614187	935	0.592311292752703	935	0.299200901056348	
940	0.98306	940	0.669272885566009	940	0.47925637373426	940	0.605127054403162	940	0.266293360873703	
945	0.98313	945	0.641776210398372	945	0.522784005445875	945	0.61657469296199	945	0.238932173949777	
950	0.9832	950	0.616761777838117	950	0.545564951103338	950	0.631025263592522	950	0.217956075944487	
955	0.98316	955	0.597224453555885	955	0.54477504109055	955	0.638821946146119	955	0.200944802995161	
960	0.98312	960	0.585126707612756	960	0.521323811448474	960	0.652539965391856	960	0.187775490400875	
965	0.98308	965	0.579661289606377	965	0.483566508917964	965	0.659476330610257	965	0.1764869528426	
970	0.98304	970	0.58242181582564	970	0.436640696459381	970	0.667320530776615	970	0.167244545241712	
975	0.983	975	0.590988144675633	975	0.389585375163065	975	0.674467887070809	975	0.15973953142725	
980	0.98296	980	0.601606891703702	980	0.345757361440321	980	0.680770469200103	980	0.152429730770258	
985	0.98292	985	0.61589674876508	985	0.302849502730783	985	0.687448385126787	985	0.146800444991529	
990	0.98288	990	0.62564767396247	990	0.269998572676465	990	0.693755114822898	990	0.141093695224717	
995	0.98284	995	0.641055572784709	995	0.24237831153054	995	0.701485544687472	995	0.137567322780486	
1000	0.9828	1000	0.652621690380937	1000	0.218964066425261	1000	0.706948811470015	1000	0.134189716136456	
1005	0.98269	1005	0.664615618369675	1005	0.199977002059227	1005	0.713075595899374	1005	0.131305945038978	
1010	0.98258	1010	0.677644538173345	1010	0.184624205953109	1010	0.719304210444624	1010	0.129931677361947	
1015	0.98247	1015	0.68348511590137	1015	0.173023586378172	1015	0.722906427639933	1015	0.127551471010827	
1020	0.98236	1020	0.694488778677463	1020	0.159889059012564	1020	0.725851343247279	1020	0.128067894652775	
1025	0.98225	1025	0.701702764222805	1025	0.152707912795198	1025	0.731719062800922	1025	0.129348048968185	
1030	0.98214	1030	0.711432043445229	1030	0.146533792108574	1030	0.734888627574864	1030	0.128751352729858	
1035	0.98203	1035	0.716367268662886	1035	0.138842337154451	1035	0.735448590107951	1035	0.132419475863706	
1040	0.98192	1040	0.723613313337093	1040	0.135069009515576	1040	0.738721538723325	1040	0.136044302899535	
1045	0.98181	1045	0.726111670523159	1045	0.131025319781157	1045	0.737601918012742	1045	0.138623208299589	
1050	0.9817	1050	0.73297479375665	1050	0.126730936579098	1050	0.742459457216841	1050	0.148909018308843	
1055	0.98167	1055	0.738870028442165	1055	0.123579192887589	1055	0.742721313523278	1055	0.155140627627183	
1060	0.98164	1060	0.738886949675656	1060	0.12487879131035	1060	0.737511899751896	1060	0.162746212640084	
1065	0.98161	1065	0.747847450937726	1065	0.124114457737722	1065	0.740857624784595	1065	0.172793269057988	
1070	0.98158	1070	0.743853869397903	1070	0.11932471569568	1070	0.742307601574941	1070	0.191037176573392	
1075	0.98155	1075	0.751259192811257	1075	0.125450830313278	1075	0.738086721174681	1075	0.206200353294169	
1080	0.98152	1080	0.75536151195797	1080	0.123057064863925	1080	0.740918756887208	1080	0.22539724769683	
1085	0.98149	1085	0.752653875040942	1085	0.121412579697367	1085	0.729965930385443	1085	0.254694326035578	
1090	0.98146	1090	0.75088304730893	1090	0.129298694455843	1090	0.730541564178005	1090	0.281528757048355	
1095	0.98143	1095	0.748266231066317	1095	0.130838640394442	1095	0.725065190760326	1095	0.303354474274797	
1100	0.9814	1100	0.751088082841023	1100	0.136240935256303	1100	0.711575220898323	1100	0.349106036679136	
