#ReRa Photor SR measurement
Wavelength [nm]	SR[A/W] (Reflectance Transmittance 300-1750_calibration_calibration)	Wavelength [nm]	SR[A/W] (JE813 inverted ARC_Total reflectance centre)	Wavelength [nm]	SR[A/W] (JE813 inverted ARC_Diffuse reflectance centre)	Wavelength [nm]	SR[A/W] (JE813 inverted ARC_Total reflectance edge major)	Wavelength [nm]	SR[A/W] (JE813 inverted ARC_Diffuse reflectance edge major)	
300	0.235111360130309	300	0.118899935652728	300	0.067899256688656	300	0.125557579568967	300	0.0567905053060729	
305	0.239103680231318	305	0.127506160288446	305	0.0485533769812102	305	0.112248570031652	305	0.0557653867795255	
310	0.243098419920266	310	0.134178066695889	310	0.0432197734112418	310	0.117769376344857	310	0.0659279353441337	
315	0.247095579197155	315	0.136024969875089	315	0.0413452030242275	315	0.139900827923785	315	0.0539335861493112	
320	0.251095158061984	320	0.148852509530894	320	0.0630907889174884	320	0.130587049316275	320	0.0673814767559817	
325	0.255097156514752	325	0.144559852446299	325	0.0518931617032723	325	0.150930187666641	325	0.0594269822483603	
330	0.259101574555461	330	0.136048969527904	330	0.0519101250857374	330	0.138951389408862	330	0.0574628391034401	
335	0.26310841218411	335	0.14023615169385	335	0.0497432435367348	335	0.159495466927984	335	0.0609372709005251	
340	0.267117669400698	340	0.128663644961858	340	0.0451924242715484	340	0.124722101648588	340	0.0506060816136332	
345	0.271129346205227	345	0.0807446919311188	345	0.0226716335226229	345	0.0795770705998988	345	0.0226899789648392	
350	0.275143442597696	350	0.0523095525309261	350	0.00705013161872619	350	0.0522135682142034	350	0.00983390979482726	
355	0.279180000831541	355	0.047126114337095	355	0.00793710512475008	355	0.0449027234267892	355	0.00824367051467923	
360	0.283219543223845	360	0.039701943458828	360	0.00614652428216071	360	0.039556544564457	360	0.00592781001561319	
365	0.287262069774609	365	0.03430344152374	365	0.00569011046399822	365	0.0335199642792926	365	0.00525984575224002	
370	0.291307580483832	370	0.0269023105174441	370	0.00493082017190428	370	0.0255419977237169	370	0.00436231577367446	
375	0.295356075351515	375	0.0208186234753598	375	0.00397257867090428	375	0.0190866581310712	375	0.00330039283412689	
380	0.299407554377656	380	0.0143976001882716	380	0.00339887336846315	380	0.0125538654395209	380	0.0033593591788059	
385	0.303462017562257	385	0.0099714191290523	385	0.00270845163129633	385	0.00816219808587914	385	0.0023619440150485	
390	0.307519464905318	390	0.00659382966328788	390	0.00278730690548338	390	0.00490897606345429	390	0.00215962157699959	
395	0.311579896406838	395	0.00471295778238164	395	0.00235699882390849	395	0.00328513555092424	395	0.00179540449749693	
400	0.315643312066817	400	0.00365475378373743	400	0.00214119397751029	400	0.00252192569162878	400	0.00191588813119584	
405	0.319667248116908	405	0.00313629156383174	405	0.00228216145064778	405	0.00216588891104345	405	0.00166205625554721	
410	0.323693119837352	410	0.0034026324967685	410	0.00195926631217461	410	0.00246901978698313	410	0.00163745166869247	
415	0.327720927228147	415	0.00364690319522372	415	0.00191485959840771	415	0.00357735478970603	415	0.0015728882559287	
420	0.331750670289294	420	0.00399388433587795	420	0.00199057189525584	420	0.0045155031409068	420	0.00146556604024629	
425	0.335782349020794	425	0.00423494094586363	425	0.00190411434563226	425	0.00572115919983184	425	0.00163811471890027	
430	0.339815963422645	430	0.00452562343513698	430	0.00190932437372423	430	0.00671763505828714	430	0.00153970188948167	
435	0.343851513494848	435	0.00517173389562299	435	0.00197044361374011	435	0.00737861900476574	435	0.00168143092982956	
440	0.347888999237404	440	0.00569254053100907	440	0.00199904742466286	440	0.00826706002942088	440	0.00165467593753942	
445	0.351928420650311	445	0.00633664862297344	445	0.00227610685721572	445	0.00917394943976188	445	0.00191436847282645	
450	0.355969777733571	450	0.00962197382839719	450	0.00283054619888494	450	0.00953884297395052	450	0.00255027369042277	
455	0.359969033986674	455	0.0134162926648778	455	0.00425494476820953	455	0.00891360781634177	455	0.00388878288911535	
460	0.363969258074953	460	0.0129460195782584	460	0.00420709151665049	460	0.014114557357883	460	0.00363635170329602	
465	0.367970449998409	465	0.0133295466097221	465	0.00664133867289293	465	0.0156455500427542	465	0.00501309053767085	
470	0.37197260975704	470	0.0191530587006619	470	0.00605969646903528	470	0.0167735227262952	470	0.00606500795096853	
475	0.375975737350847	475	0.0273750440444522	475	0.0070772840879541	475	0.0182271482982495	475	0.00761142501985209	
480	0.379979832779831	480	0.0281619158396699	480	0.00860772461407079	480	0.0222953977193367	480	0.00948269762987757	
485	0.38398489604399	485	0.022365618653781	485	0.00886594706602642	485	0.0291146878659296	485	0.00969811950284629	
490	0.387990927143325	490	0.0215879436991418	490	0.011023460539894	490	0.0330930273276682	490	0.0121155659560391	
495	0.391997926077837	495	0.0312008629463991	495	0.0127270932137039	495	0.0322811827570926	495	0.0133147777133256	
500	0.396005892847524	500	0.0442249312970526	500	0.0141001269210976	500	0.0295501863395368	500	0.0155209474910489	
505	0.399986316641161	505	0.0479784527752206	505	0.0151255213532232	505	0.0307177333454761	505	0.0171709346304417	
510	0.403967143699455	510	0.0409463821625977	510	0.0166326691906621	510	0.039775222020897	510	0.0200210760191205	
515	0.407948374022405	515	0.0330469879017019	515	0.0192714151315319	515	0.0489571972818839	515	0.0212849479983007	
520	0.411930007610012	520	0.0351370936261777	520	0.0212423665033641	520	0.0548715421824214	520	0.0232538112916553	
525	0.415912044462276	525	0.0481345646006288	525	0.0227268737242498	525	0.0541905564914453	525	0.0251264571503212	
530	0.419894484579196	530	0.0640072560677659	530	0.0247980162011837	530	0.0482196846166554	530	0.0282774731648676	
535	0.423877327960773	535	0.0732329057119071	535	0.025692147072941	535	0.044838187268258	535	0.0330832204094672	
540	0.427860574607006	540	0.0717539843096327	540	0.0283430708034129	540	0.047496572115205	540	0.0354140442367418	
545	0.431844224517897	545	0.063265457397678	545	0.0316401291123229	545	0.0579234657775428	545	0.0380238205562532	
550	0.435828277693444	550	0.0582868653877108	550	0.0354086138882343	550	0.0714368766919927	550	0.0397667391452095	
555	0.439826162846714	555	0.0628937359655197	555	0.038378308142648	555	0.0810978844732743	555	0.0410341600329552	
560	0.443824693223436	560	0.0789268233140634	560	0.0401129863147261	560	0.0855701184202186	560	0.0438203870362402	
565	0.447823868823608	565	0.100111651467437	565	0.040820778016337	565	0.0834837524646045	565	0.0473834902235808	
570	0.45182368964723	570	0.116195411466499	570	0.0407372331270339	570	0.0787591042194685	570	0.0522005516217704	
575	0.455824155694304	575	0.124319312080375	575	0.0418527437993562	575	0.0764655934481144	575	0.057820948688118	
580	0.459825266964828	580	0.122360487540728	580	0.0437171080275707	580	0.0811776306976581	580	0.0620659466283245	
585	0.463827023458802	585	0.115404466088016	585	0.0479505564255213	585	0.09236313839766	585	0.0662529411525252	
590	0.467829425176228	590	0.105385672871859	590	0.0536257075535583	590	0.108642159383455	590	0.0683413488335592	
595	0.471832472117104	595	0.101053024724296	595	0.0594586798875568	595	0.126783208242076	595	0.0698747261691005	
600	0.47583616428143	600	0.107025301475541	600	0.0652430560397421	600	0.141272797060376	600	0.0708768134153318	
605	0.479762429631677	605	0.122787298687956	605	0.0690176307407582	605	0.151365054088894	605	0.0718283767052818	
610	0.483688049758473	610	0.146347706881724	610	0.0713967780422285	610	0.157682147004881	610	0.0755279815839592	
615	0.487613024661818	615	0.171352594194625	615	0.073068948387229	615	0.159302688243839	615	0.081288107261511	
620	0.491537354341712	620	0.195477339166193	620	0.0738432104327278	620	0.161043909487029	620	0.0911317971827477	
625	0.495461038798156	625	0.21478013028202	625	0.076108998146178	625	0.164871335491068	625	0.103517138586855	
630	0.499384078031149	630	0.22986765888947	630	0.0791065534647576	630	0.171642831584922	630	0.118466707243462	
635	0.503306472040692	635	0.239050860403644	635	0.0836220563497319	635	0.182920570143373	635	0.132340991247622	
640	0.507228220826784	640	0.243996938640304	640	0.0911048490113917	640	0.197899396352406	640	0.143241029071168	
645	0.511149324389425	645	0.249039526385617	645	0.101030281973142	645	0.218748102180275	645	0.151377395822642	
650	0.515069782728615	650	0.257651312247058	650	0.116289156233835	650	0.243347139049054	650	0.156381029381493	
655	0.519047706281381	655	0.286409357416991	655	0.140056888083275	655	0.281570908339193	655	0.167400442411452	
660	0.52302587179294	660	0.339002205440408	660	0.172970901939147	660	0.334581127086523	660	0.182478573217754	
665	0.527004279263294	665	0.393382133447274	665	0.201461056163187	665	0.380462662743764	665	0.193155527429071	
670	0.530982928692442	670	0.430016181035437	670	0.212282723746667	670	0.409429355197344	670	0.197861402952496	
675	0.534961820080383	675	0.448237283308754	675	0.207953870466575	675	0.427562163014894	675	0.202844299702298	
680	0.538940953427119	680	0.45771517967234	680	0.197287106129526	680	0.441117924539888	680	0.214511679685382	
685	0.542920328732649	685	0.462818151256397	685	0.184439916607447	685	0.453038662502993	685	0.231697932653779	
690	0.546899945996972	690	0.466600106153629	690	0.173117835022969	690	0.463040921413877	690	0.253013103082566	
695	0.55087980522009	695	0.469725515421557	695	0.164923890737505	695	0.471520111614219	695	0.27537652531891	
700	0.554859906402001	700	0.471953467244861	700	0.160401945732788	700	0.477862679661938	700	0.294991007441404	
705	0.558806133352753	705	0.47565787534542	705	0.160658538917692	705	0.483559010346455	705	0.310349371045952	
710	0.562752118344711	710	0.478612482669827	710	0.16608822261946	710	0.488804192864424	710	0.318323611762927	
715	0.566697861377874	715	0.483118354098243	715	0.177457530929844	715	0.492334900390401	715	0.318240536384823	
720	0.570643362452244	720	0.489678561264003	720	0.192959749779297	720	0.496893908406696	720	0.309784705088283	
725	0.574588621567819	725	0.496516141474548	725	0.214540317501861	725	0.500211708162479	725	0.29413383922164	
730	0.578533638724601	730	0.506059339159406	730	0.23754032213139	730	0.503709710110007	730	0.275412748486268	
735	0.582478413922588	735	0.515846850837855	735	0.257511291051064	735	0.507634732460299	735	0.254461761896088	
740	0.586422947161782	740	0.526402520073086	740	0.272400384663532	740	0.51105425236758	740	0.234637179918364	
745	0.590367238442181	745	0.536192072309398	745	0.276136128542532	745	0.515107868200365	745	0.216984759654192	
750	0.594311287763787	750	0.545125207563362	750	0.270815265480853	750	0.518918706983757	750	0.20303154937511	
755	0.598322077386071	755	0.553752607433134	755	0.258541362029409	755	0.524656712917657	755	0.195366017047484	
760	0.602333512231806	760	0.558580302227146	760	0.24109216727093	760	0.52986641677981	760	0.193094211930208	
765	0.606345592300991	765	0.564673488355739	765	0.223034475182163	765	0.536224992281643	765	0.198609970401151	
770	0.610358317593627	770	0.569798887941308	770	0.205448333911446	770	0.545053648533119	770	0.210259020673444	
775	0.614371688109714	775	0.574924783623734	775	0.190841743937373	775	0.554160238864219	775	0.229116828812318	
780	0.618385703849251	780	0.582803682656805	780	0.178578955014824	780	0.563589035463925	780	0.254288315738765	
785	0.622400364812239	785	0.58816974736871	785	0.168878435413277	785	0.572544294050012	785	0.28221926979236	
790	0.626415670998678	790	0.595021820126507	790	0.163535612927572	790	0.579961895359897	790	0.314079170485835	
795	0.630431622408567	795	0.60066958236857	795	0.160466675819086	795	0.585107176589249	795	0.343436491601881	
800	0.634448219041907	800	0.605328848845527	800	0.16135973195659	800	0.590327165841235	800	0.369307738741575	
805	0.638348594801195	805	0.611309473030958	805	0.165872622997746	805	0.594143436967104	805	0.390431801588129	
810	0.64224816403117	810	0.615092344269136	810	0.175227732247207	810	0.596540746537486	810	0.399250630510816	
815	0.646146926731832	815	0.619663659357964	815	0.189997687909478	815	0.599351365647041	815	0.399720051361212	
820	0.650044882903181	820	0.622175148125924	820	0.21066140744659	820	0.602383455167501	820	0.388895918330809	
825	0.653942032545216	825	0.626154151206277	825	0.236942035786916	825	0.606184238092898	825	0.370743723654434	
830	0.657838375657938	830	0.628717173161584	830	0.266860535007789	830	0.609597730471962	830	0.343738144508019	
835	0.661733912241346	835	0.630608088037366	835	0.296053519625798	835	0.614104581152306	835	0.313493150944989	
840	0.665628642295441	840	0.634353936338288	840	0.322232479102967	840	0.618809119998106	840	0.283045069272762	
845	0.669522565820223	845	0.635742634818385	845	0.339068462125904	845	0.622571038861008	845	0.251807237338127	
850	0.673415682815691	850	0.639524610814791	850	0.346879049703628	850	0.628431054914928	850	0.225374902025529	
855	0.677390743189395	855	0.642758910917224	855	0.341831873132741	855	0.633050808372878	855	0.202282467815499	
860	0.681365964868961	860	0.646871666412618	860	0.328060128019133	860	0.63866381391285	860	0.183024794416646	
865	0.685341347854389	865	0.652408258107235	865	0.309489030281519	865	0.643753766311922	865	0.169010501236113	
870	0.68931689214568	870	0.656244518391227	870	0.286839171219357	870	0.647085724489883	870	0.158249259681171	
875	0.693292597742835	875	0.661265218904742	875	0.265276223494282	875	0.652074262168754	875	0.153030917381726	
880	0.697268464645851	880	0.664392755209641	880	0.243175650513414	880	0.653090894914256	880	0.150450845398823	
885	0.70124449285473	885	0.668416768921295	885	0.224940082253812	885	0.658892221204081	885	0.1530037350716	
890	0.705220682369472	890	0.673503106435605	890	0.207099340351266	890	0.662448093854951	890	0.159898779955793	
895	0.709197033190077	895	0.67649416093144	895	0.191676181451371	895	0.665577845330294	895	0.169244814008887	
900	0.713173545316544	900	0.681263044824333	900	0.180711322563726	900	0.670003213711146	900	0.185833275201677	
905	0.717186714200302	905	0.684139275632379	905	0.168569714522907	905	0.671594433563109	905	0.20477044395737	
910	0.72120044765458	910	0.687458585530976	910	0.160981506704119	910	0.674371900595709	910	0.230874458878163	
915	0.725214745679377	915	0.691723112054069	915	0.155328339379519	915	0.678057248751969	915	0.262514068423302	
920	0.729229608274694	920	0.694254407820169	920	0.150754294517366	920	0.680717079232999	920	0.294473202647087	
925	0.733245035440529	925	0.698973336995219	925	0.149711182754056	925	0.682923679533044	925	0.33112731427009	
930	0.737261027176884	930	0.701463257499395	930	0.150119888890809	930	0.685130854134623	930	0.365968209737224	
935	0.741277583483759	935	0.705120713024357	935	0.153541449462035	935	0.687078642888474	935	0.399647445463733	
940	0.745294704361152	940	0.709096683333129	940	0.160805492972716	940	0.688444388147875	940	0.429571300163932	
945	0.749312389809065	945	0.711623474149102	945	0.172122180467424	945	0.690665149964558	945	0.452458690474396	
950	0.753330639827498	950	0.717237365101053	950	0.187252478763901	950	0.693661088290625	950	0.464348795551893	
955	0.757264728512084	955	0.719444913227328	955	0.204979257660888	955	0.693996838471053	955	0.464023497419074	
960	0.761198494584944	960	0.724715848084336	960	0.227470384352701	960	0.696272528672286	960	0.455089033294682	
965	0.765131938046079	965	0.726359074883237	965	0.25432532757858	965	0.699538017891241	965	0.436342589609623	
970	0.769065058895489	970	0.730419456836219	970	0.285862717556375	970	0.70332823576533	970	0.412796179394842	
975	0.772997857133174	975	0.732732074145442	975	0.314835629011891	975	0.705838452117742	975	0.381863888061458	
980	0.776930332759133	980	0.736852743173916	980	0.345789446471771	980	0.712768701710931	980	0.351097761033037	
985	0.780862485773367	985	0.738113595613772	985	0.371418826658659	985	0.716217253249185	985	0.316534868239502	
990	0.784794316175875	990	0.739812939705248	990	0.38782199809198	990	0.720235278752561	990	0.283386188971436	
995	0.788725823966658	995	0.74470446434567	995	0.39816475803669	995	0.726897927833798	995	0.254218966992453	
1000	0.792657009145716	1000	0.746787116078519	1000	0.398105036048601	1000	0.731115652268595	1000	0.226070871405089	
1005	0.796531132375856	1005	0.752044658562677	1005	0.38957723278704	1005	0.737641113906024	1005	0.202862100637027	
1010	0.80040436842375	1010	0.756827673055772	1010	0.373973648508519	1010	0.742251093442723	1010	0.181347687575273	
1015	0.8042767172894	1015	0.758481899464088	1015	0.354861125364165	1015	0.746906927994813	1015	0.165621437669721	
1020	0.808148178972806	1020	0.763927195405722	1020	0.333780551113448	1020	0.751613584816785	1020	0.151925149163932	
1025	0.812018753473966	1025	0.767868000361675	1025	0.310998021558269	1025	0.75475972046021	1025	0.140151605613894	
1030	0.815888440792883	1030	0.772118626755426	1030	0.29180480460813	1030	0.76202643112718	1030	0.132838126812367	
1035	0.819757240929554	1035	0.776459907110327	1035	0.270576252073991	1035	0.764458519735867	1035	0.125747671808926	
1040	0.823625153883981	1040	0.780258831825338	1040	0.252939560743163	1040	0.769224568399615	1040	0.122233209436144	
1045	0.827492179656163	1045	0.785738594684471	1045	0.236981093021373	1045	0.773044970967141	1045	0.119017576035672	
1050	0.8313583182461	1050	0.786148769216346	1050	0.219568779713771	1050	0.775671619383627	1050	0.118501617407855	
1055	0.835291640727838	1055	0.794205294279991	1055	0.207523665966045	1055	0.782169755330225	1055	0.121879033659134	
1060	0.839224721250782	1060	0.79501126875393	1060	0.195925240817978	1060	0.779900049880474	1060	0.122359295012374	
1065	0.843157559814932	1065	0.796799464527022	1065	0.186066531151132	1065	0.788651690681783	1065	0.128829984249264	
1070	0.847090156420289	1070	0.801072753136005	1070	0.175571115754111	1070	0.790195351935981	1070	0.132777858401749	
1075	0.851022511066851	1075	0.804139749599521	1075	0.164438821068701	1075	0.792070820094225	1075	0.142085135709548	
1080	0.854954623754619	1080	0.809588982295213	1080	0.160308547150085	1080	0.795354436462716	1080	0.154725397404178	
1085	0.858886494483593	1085	0.808876644391049	1085	0.156363815944619	1085	0.800144368477517	1085	0.171460556744623	
1090	0.862818123253773	1090	0.815879379058038	1090	0.151520485737846	1090	0.802282030552306	1090	0.191049936007286	
1095	0.86674951006516	1095	0.816710187819019	1095	0.148662500560484	1095	0.799950335488483	1095	0.206314990940281	
1100	0.870680654917752	1100	0.811278924739372	1100	0.147047151437643	1100	0.79842246669938	1100	0.238478358932497	
