#ReRa Photor QE measurement
Wavelength [nm]	QE[-] (Reflectance Transmittance 300-1750_calibration_calibration)	Wavelength [nm]	QE[-] (JE813 inverted noARC_Total reflectance centre)	Wavelength [nm]	QE[-] (JE813 inverted noARC_Diffuse reflectance centre)	Wavelength [nm]	QE[-] (JE813 inverted noARC_Total reflectance edge major)	Wavelength [nm]	QE[-] (JE813 inverted noARC_Diffuse reflectance edge major)	
300	0.9717	300	0.627162216877413	300	0.135435650839429	300	0.621311090760336	300	0.188613149678686	
305	0.972	305	0.657403185892751	305	0.160281765837028	305	0.658713163387999	305	0.197278377823648	
310	0.9723	310	0.726835129415746	310	0.166242752718212	310	0.655929618912016	310	0.132500058173836	
315	0.9726	315	0.64623173223218	315	0.0903283959570683	315	0.586586462226735	315	0.123502458432706	
320	0.9729	320	0.594772081653694	320	0.156206212469745	320	0.614447123041053	320	0.157782543205687	
325	0.9732	325	0.655911463280573	325	0.159609030648171	325	0.654262797138717	325	0.193815379039487	
330	0.9735	330	0.618283793868911	330	0.146607201754808	330	0.652303361275098	330	0.125497906403173	
335	0.9738	335	0.714528890491799	335	0.154498208218309	335	0.617393057987424	335	0.183320191911383	
340	0.9741	340	0.56742099860871	340	0.161398958313218	340	0.609185566427816	340	0.124212893641847	
345	0.9744	345	0.488224033105238	345	0.0588347755516442	345	0.473826459858387	345	0.0465654242340374	
350	0.9747	350	0.408250249688157	350	0.0219618638118567	350	0.393867975965643	350	0.0249050495367764	
355	0.97507	355	0.412749721010311	355	0.0231570096926716	355	0.417092351680012	355	0.014223964052478	
360	0.97544	360	0.419769763751337	360	0.0200539207812748	360	0.421944791097022	360	0.0149399988400805	
365	0.97581	365	0.422229869447204	365	0.0171710279611566	365	0.422552287991225	365	0.0155821063995537	
370	0.97618	370	0.421596012661785	370	0.0153192350054145	370	0.424431644011221	370	0.0142021951686108	
375	0.97655	375	0.420328540717528	375	0.0116240643821048	375	0.421862466947102	375	0.0112885441808808	
380	0.97692	380	0.416598419950147	380	0.00906524021894121	380	0.415944965577381	380	0.00922051801583121	
385	0.97729	385	0.412105471421544	385	0.00728519537172124	385	0.412398434226771	385	0.00696411872668906	
390	0.97766	390	0.407899681853276	390	0.00665003747425584	390	0.40491754249063	390	0.00598190013359022	
395	0.97803	395	0.404874643047065	395	0.00576149443906103	395	0.397178532969518	395	0.00535674921068531	
400	0.9784	400	0.402995311608315	400	0.00555341640436126	400	0.393303807266219	400	0.00541552681190416	
405	0.97864	405	0.397425067833722	405	0.00504336261597024	405	0.392137289778938	405	0.0050294405480828	
410	0.97888	410	0.387940191769257	410	0.00471373052887308	410	0.391745232733444	410	0.00478837304547843	
415	0.97912	415	0.377229872419465	415	0.00456216650269216	415	0.390061124203193	415	0.00431398343110494	
420	0.97936	420	0.366860149377619	420	0.00451119748584131	420	0.385683809988286	420	0.00451850692740165	
425	0.9796	425	0.358423750962105	425	0.00442872332965547	425	0.378636559426208	425	0.00423508328745033	
430	0.97984	430	0.354170931862178	430	0.0043146484077201	430	0.370857092582365	430	0.00418736429419427	
435	0.98008	435	0.35316461968685	435	0.00444753654815522	435	0.361104788444391	435	0.00436886789642663	
440	0.98032	440	0.348813124579981	440	0.0045285285159393	440	0.356112742271786	440	0.00442265335128648	
445	0.98056	445	0.349145369832106	445	0.00482064019692397	445	0.35513710540254	445	0.00460348654638336	
450	0.9808	450	0.366676680535836	450	0.00536089707641651	450	0.343691032258317	450	0.00531789079532059	
455	0.98092	455	0.367413696025303	455	0.00876497580532078	455	0.339815000224476	455	0.00733204226058752	
460	0.98104	460	0.35252074337558	460	0.00546465877636475	460	0.348960284419472	460	0.00644320515017128	
465	0.98116	465	0.345671461044683	465	0.0076993320506448	465	0.366239885200713	465	0.00630533202685923	
470	0.98128	470	0.374475074525748	470	0.00743455616480679	470	0.35928689508364	470	0.00911302772237685	
475	0.9814	475	0.394479657758519	475	0.00942492463082462	475	0.335269340417313	475	0.0096667542509188	
480	0.98152	480	0.361709115714328	480	0.0139859957990856	480	0.340552639893454	480	0.0106855889446624	
485	0.98164	485	0.316959394293303	485	0.0129400457191031	485	0.377654458610369	485	0.0117559913023168	
490	0.98176	490	0.321446478388124	490	0.0150116893605934	490	0.404872678343001	490	0.0128488391909453	
495	0.98188	495	0.377656257533332	495	0.017805830316756	495	0.382197325270958	495	0.0144249597281475	
500	0.982	500	0.413800847728342	500	0.0170776618776311	500	0.3251034182426	500	0.0165743920962612	
505	0.98205	505	0.384049658220307	505	0.0188471760638934	505	0.305521647021326	505	0.0210988558122741	
510	0.9821	510	0.309903728080622	510	0.0237097759493291	510	0.332863704096074	510	0.0221521556331324	
515	0.98215	515	0.264507211654317	515	0.0276682851403584	515	0.390961324715312	515	0.0218150544190393	
520	0.9822	520	0.300264545095885	520	0.0279929293687526	520	0.431042645992279	520	0.0231266593353836	
525	0.98225	525	0.38462294814426	525	0.028310833418094	525	0.416852601492875	525	0.0260756193015127	
530	0.9823	530	0.448159044665637	530	0.0268124721921001	530	0.354098321130118	530	0.0308147883895226	
535	0.98235	535	0.457500175745735	535	0.0270121593126159	535	0.283928128982204	535	0.0377964560143286	
540	0.9824	540	0.400903618914037	540	0.033506728561374	540	0.260702761484319	540	0.0430896847510832	
545	0.98245	545	0.30479331917676	545	0.0429412032172232	545	0.306548150339604	545	0.0434153672247256	
550	0.9825	550	0.250247514513465	550	0.0496230041245116	550	0.389786426338173	550	0.0396714985508625	
555	0.98258	555	0.290804339501054	555	0.0516998997318918	555	0.463421304098169	555	0.0370711114735822	
560	0.98266	560	0.390880336360744	560	0.0485867424823333	560	0.491766534993716	560	0.0353316716330941	
565	0.98274	565	0.488608374584319	565	0.0424731423773344	565	0.463977964754512	565	0.0392031845952249	
570	0.98282	570	0.545004406379372	570	0.0380403202190393	570	0.392690463135503	570	0.0493522718528369	
575	0.9829	575	0.553271966100796	575	0.0372537657433247	575	0.304786708698923	575	0.0618095979623452	
580	0.98298	580	0.509152984854075	580	0.0410389025253289	580	0.253422026130349	580	0.0745929992681083	
585	0.98306	585	0.417146909732685	585	0.0523548285665578	585	0.274406618274166	585	0.0789846040088454	
590	0.98314	590	0.310309331597822	590	0.0708114516704133	590	0.354043622900348	590	0.0733751861468416	
595	0.98322	595	0.250910308616022	595	0.0830883449311985	595	0.454199590256401	595	0.0648060218526511	
600	0.9833	600	0.289877054765032	600	0.0899660148725212	600	0.540645776207472	600	0.0547220908297807	
605	0.98322	605	0.394401619367852	605	0.0847123160767031	605	0.597441663359114	605	0.0471350264967231	
610	0.98314	610	0.499859669250193	610	0.0749615166590194	610	0.614340233609949	610	0.0457314820107242	
615	0.98306	615	0.586492503746437	615	0.066225117116166	615	0.59730764853205	615	0.051362110421847	
620	0.98298	620	0.641677889589331	620	0.0608289294202514	620	0.545306264188553	620	0.0667501369664975	
625	0.9829	625	0.668019296718556	625	0.0586544730954469	625	0.466565723947599	625	0.0954535520694779	
630	0.98282	630	0.668256974090978	630	0.0609665934923872	630	0.378329407488877	630	0.137131540064619	
635	0.98274	635	0.635820690492549	635	0.0730730362552478	635	0.322267928614474	635	0.175281588767812	
640	0.98266	640	0.566346367352379	640	0.100847799893341	640	0.32795398737873	640	0.197196688755112	
645	0.98258	645	0.464640393943711	645	0.149984022813456	645	0.400599958179218	645	0.195717857934016	
650	0.9825	650	0.384762879640894	650	0.214072064773301	650	0.508336025508937	650	0.175973609251893	
655	0.98253	655	0.408305363777795	655	0.276494189624455	655	0.628089677953664	655	0.154545271639123	
660	0.98256	660	0.550430658905409	660	0.309528857713396	660	0.746415309688521	660	0.135600758946381	
665	0.98259	665	0.709419532399972	665	0.292797232014761	665	0.826160688583483	665	0.113383998843144	
670	0.98262	670	0.812220827097031	670	0.242896371479173	670	0.859903137771354	670	0.0954203593509313	
675	0.98265	675	0.86003371898425	675	0.19065659248601	675	0.870123332707212	675	0.0931434194625384	
680	0.98268	680	0.879325859045976	680	0.153562660334822	680	0.866638471501635	680	0.116149145737093	
685	0.98271	685	0.886964946239216	685	0.129575565286046	685	0.854934772977022	685	0.176845063789336	
690	0.98274	690	0.885871478917491	690	0.115087882828601	690	0.836406433140962	690	0.288905186199344	
695	0.98277	695	0.8800832107559	695	0.110669384328964	695	0.813135081022003	695	0.431772224112543	
700	0.9828	700	0.869943660630386	700	0.121052520952208	700	0.793918457744647	700	0.566234281031658	
705	0.98277	705	0.848243833463669	705	0.155213339116489	705	0.787162518716369	705	0.636370737679112	
710	0.98274	710	0.817321100904383	710	0.229693957315617	710	0.797691468156951	710	0.618996926952199	
715	0.98271	715	0.776825590160901	715	0.348628535833629	715	0.821875499441665	715	0.534399530864857	
720	0.98268	720	0.73968771346271	720	0.476069445460998	720	0.84873789172451	720	0.418303378298118	
725	0.98265	725	0.734433135234291	725	0.551673767458929	725	0.872992386562403	725	0.304228658179822	
730	0.98262	730	0.765815666644823	730	0.539855385009786	730	0.891899208131345	730	0.215814018270733	
735	0.98259	735	0.810736912299594	735	0.465046309805644	735	0.902494060121822	735	0.155756639122671	
740	0.98256	740	0.850626882095188	740	0.372617611778383	740	0.907671817786313	740	0.115406769352553	
745	0.98253	745	0.878950088434881	745	0.293613542081262	745	0.910577514221929	745	0.0916344964881799	
750	0.9825	750	0.896706885563513	750	0.23572252376116	750	0.909024324294406	750	0.0786147422649693	
755	0.98258	755	0.90781222309572	755	0.191963212678459	755	0.90630627859023	755	0.0755078084847449	
760	0.98266	760	0.914169298417112	760	0.161345905543449	760	0.902305182370488	760	0.080884260180116	
765	0.98274	765	0.917381027458769	765	0.138797647965516	765	0.896578584108344	765	0.0981281650176446	
770	0.98282	770	0.920013409697588	770	0.123985236935695	770	0.894045790355652	770	0.134745518924474	
775	0.9829	775	0.920774511508646	775	0.114106484403609	775	0.890821870028738	775	0.199789077145431	
780	0.98298	780	0.921716343921515	780	0.110607824308342	780	0.887648610865708	780	0.301052178005592	
785	0.98306	785	0.923856729415533	785	0.112773981830205	785	0.884766551122228	785	0.434578893707254	
790	0.98314	790	0.924643970030742	790	0.125531421321256	790	0.883203301712835	790	0.575134769942605	
795	0.98322	795	0.92657706475824	795	0.15175839522338	795	0.878953525852531	795	0.6808579328925	
800	0.9833	800	0.92661241909026	800	0.201038984565827	800	0.877887311397947	800	0.727459327590691	
805	0.9832	805	0.926223543037766	805	0.286914163509553	805	0.880000864886714	805	0.703945453208657	
810	0.9831	810	0.920479173144231	810	0.406870312842663	810	0.883011423871249	810	0.619608577904233	
815	0.983	815	0.909575032430505	815	0.542382834436067	815	0.89218817666855	815	0.507241751248216	
820	0.9829	820	0.903326876679444	820	0.647622668478787	820	0.90229161890291	820	0.396035684530368	
825	0.9828	825	0.900337084496985	825	0.678292464874453	825	0.908976129417535	825	0.301038211767217	
830	0.9827	830	0.900621829778167	830	0.632342762133594	830	0.91493868375579	830	0.225115028421557	
835	0.9826	835	0.90808017158843	835	0.551108763251929	835	0.920603401615326	835	0.171764764271541	
840	0.9825	840	0.912496653581207	840	0.459146074788751	840	0.921859385333315	840	0.134630369614658	
845	0.9824	845	0.91906236750643	845	0.378716596847641	845	0.925498554170393	845	0.108695848501886	
850	0.9823	850	0.92176824977265	850	0.315663426969951	850	0.926250016928835	850	0.0900546718865013	
855	0.98232	855	0.924507980250749	855	0.265428646070939	855	0.924852030430817	855	0.0803908967600884	
860	0.98234	860	0.926671330817079	860	0.225945483890996	860	0.927082030415292	860	0.0743622276043259	
865	0.98236	865	0.928686325292039	865	0.197680940868797	865	0.928473493011931	865	0.0694550460594824	
870	0.98238	870	0.926994000332252	870	0.173325219376359	870	0.925332895129881	870	0.0711728848806515	
875	0.9824	875	0.926466825420773	875	0.153490593263122	875	0.924885661495486	875	0.0757648725969793	
880	0.98242	880	0.926768538112533	880	0.140093247316292	880	0.923962129373625	880	0.083945087770926	
885	0.98244	885	0.925558398424533	885	0.129106451552239	885	0.921332524303242	885	0.0980380691271392	
890	0.98246	890	0.926785214983713	890	0.121027625251482	890	0.920562915099331	890	0.121742913353002	
895	0.98248	895	0.924876714854506	895	0.116124160997808	895	0.9190381639328	895	0.157633366676905	
900	0.9825	900	0.922991871834505	900	0.114274816932688	900	0.916630818571272	900	0.20829638542083	
905	0.98257	905	0.923704635161562	905	0.115154297766463	905	0.913669466125419	905	0.278863239754778	
910	0.98264	910	0.921440941978831	910	0.121462838164897	910	0.908871489437221	910	0.372251967210325	
915	0.98271	915	0.922375770944955	915	0.13345429337277	915	0.904410121112345	915	0.471425104489406	
920	0.98278	920	0.922671471229947	920	0.153086110747219	920	0.898472663820119	920	0.56996018310574	
925	0.98285	925	0.920857909682403	925	0.185514697619042	925	0.888302132994858	925	0.646691002434617	
930	0.98292	930	0.921942306829564	930	0.232196904257531	930	0.883479320651005	930	0.687353470682315	
935	0.98299	935	0.921294686098935	935	0.295855772819396	935	0.879718881080187	935	0.686114358042167	
940	0.98306	940	0.917403187038001	940	0.382236395789972	940	0.876989360967668	940	0.644830372001713	
945	0.98313	945	0.912536691851746	945	0.481724483024738	945	0.880189902050434	945	0.573097741950986	
950	0.9832	950	0.907744428498504	950	0.569857751979392	950	0.8869268099965	950	0.489439339953058	
955	0.98316	955	0.902735499546335	955	0.623408788994269	955	0.89004565323368	955	0.407004792309144	
960	0.98312	960	0.903653301960998	960	0.642812705226473	960	0.898644437327608	960	0.333147226813103	
965	0.98308	965	0.903989084742436	965	0.620243169360032	965	0.901049212308266	965	0.271080558053642	
970	0.98304	970	0.904397644684237	970	0.574310464828526	970	0.904788165957285	970	0.22279520989879	
975	0.983	975	0.907707134328155	975	0.518156434736017	975	0.909068186083197	975	0.183879422156448	
980	0.98296	980	0.912492094492286	980	0.456569370865657	980	0.911212448908236	980	0.152424671183346	
985	0.98292	985	0.914704554732436	985	0.401513871934485	985	0.913074434444191	985	0.131164927388327	
990	0.98288	990	0.914517842247732	990	0.352921217882216	990	0.913835254743564	990	0.112728181724417	
995	0.98284	995	0.917323069894901	995	0.308273032244267	995	0.915096038968614	995	0.0991439179635988	
1000	0.9828	1000	0.919536191909381	1000	0.272956239243745	1000	0.916325191731535	1000	0.0889873207108363	
1005	0.98269	1005	0.918685750726375	1005	0.243991217011491	1005	0.9171950946143	1005	0.0813717175269928	
1010	0.98258	1010	0.919312204123405	1010	0.216786166826822	1010	0.9152619904532	1010	0.0761444333247397	
1015	0.98247	1015	0.919440778760671	1015	0.195259493386192	1015	0.915803659957955	1015	0.072162182433728	
1020	0.98236	1020	0.919493800867641	1020	0.179198480754378	1020	0.916609698727408	1020	0.0699845489988867	
1025	0.98225	1025	0.921329269691271	1025	0.163374861521769	1025	0.916215406240115	1025	0.0704410347819036	
1030	0.98214	1030	0.917681383420686	1030	0.150026730905199	1030	0.914185077826133	1030	0.0677234719449176	
1035	0.98203	1035	0.917108906718261	1035	0.140780975339965	1035	0.912822507610146	1035	0.0689558660334241	
1040	0.98192	1040	0.917466337759536	1040	0.131567557997711	1040	0.913539000727782	1040	0.0720157965026226	
1045	0.98181	1045	0.915529317884594	1045	0.122200857735042	1045	0.90993818637597	1045	0.0761067299550513	
1050	0.9817	1050	0.916838456688634	1050	0.119270813966513	1050	0.911893807334737	1050	0.0809442746418062	
1055	0.98167	1055	0.915224703060534	1055	0.112996685325449	1055	0.910761589395749	1055	0.0917784265277351	
1060	0.98164	1060	0.916382542313059	1060	0.110145176980725	1060	0.906179491594366	1060	0.101398625435054	
1065	0.98161	1065	0.915740054287591	1065	0.107719310530762	1065	0.912263431647258	1065	0.11913832339398	
1070	0.98158	1070	0.911237399502675	1070	0.105730029817516	1070	0.908862655850887	1070	0.137974482072875	
1075	0.98155	1075	0.915207809847748	1075	0.105032455727469	1075	0.902427673679228	1075	0.16542345089852	
1080	0.98152	1080	0.913379905522356	1080	0.105401272852849	1080	0.90782390355461	1080	0.202422251101124	
1085	0.98149	1085	0.907031666179052	1085	0.114618623718069	1085	0.90400312034938	1085	0.246327315340463	
1090	0.98146	1090	0.9097986124704	1090	0.124264536634916	1090	0.903821798167449	1090	0.296404169338321	
1095	0.98143	1095	0.834302207870481	1095	0.116629954717465	1095	0.828708933673608	1095	0.328058527180855	
1100	0.9814	1100	0.900427830196187	1100	0.155477896460031	1100	0.887858704438264	1100	0.419651054256112	
